41214
48806
37930
89707
98186
760
81431
46632
80356
41310
33303
66035
75642
26628
62947
30584
79412
47413
10670
80660
89880
32965
80313
76749
66217
22458
45966
58857
17742
32562
2272
24443
37354
7310
28087
81944
18920
15027
3040
97107
62698
16306
57179
69830
80478
2563
40507
53944
9133
68253
42660
45780
94433
38647
1523
44369
25922
27099
24882
55142
40892
41922
45904
26319
1660
77498
63656
58484
45456
87994
79505
79505
79242
15156
55900
33247
1002
81484
82853
54133
82388
44899
57001
98028
87407
50037
53775
97030
14789
4426
2603
88241
44593
81910
28474
79039
45270
50180
11217
16499
69314
27845
73256
92188
51139
11580
38529
96849
36469
69396
87694
57330
46857
601
11163
47702
1817
46894
21212
48860
49395
36510
76758
30479
69674
78397
16919
52683
53661
79225
74055
40949
52465
18696
62109
15544
48388
1890
31031
51707
14555
37530
13014
51007
66561
40034
71336
28179
91945
80192
80756
58415
36111
64631
41500
11880
3034
25049
50837
31983
95375
11685
76364
80696
91765
78387
99164
77420
92557
58532
47488
6235
31325
49250
67254
28100
45488
24916
42277
23253
67515
96049
68965
46293
36095
73694
94581
77767
26910
23913
50777
4545
43005
33782
11330
57638
92789
20949
54085
99601
73120
37672
6142
71509
27705
33493
62027
50569
43557
30340
24393
43133
34247
5626
85154
63381
25777
9121
14598
23268
15340
88462
32795
75629
37551
9982
12072
72994
34602
87344
47513
9355
83055
70542
90909
31545
77924
70568
24367
13712
31150
58708
2076
18005
712
76913
91788
2003
16272
76186
6483
30119
23385
12561
47044
22976
12407
41155
53037
55542
27357
30876
62623
4221
93675
29064
81203
43573
82738
90788
45779
69438
61684
43546
6130
74857
92116
34697
97976
65120
34919
56158
80907
54992
70246
6706
73542
11751
70576
10242
7751
89383
59000
89736
96830
88743
17941
23242
33457
71894
41497
81355
10277
91662
76957
11212
22441
76634
65496
24358
66861
42671
36334
13362
68243
13361
73837
3398
23747
90291
62122
66845
17148
51859
91076
27879
80605
35346
61680
53940
47362
6795
52642
13873
54292
55041
19651
2163
22787
40998
27958
66082
23750
82613
97668
49508
97715
42563
52483
55699
12180
27614
60693
61962
50646
54480
85712
15327
56400
40308
94675
47294
80787
54530
54160
63804
77289
78543
58074
48210
43819
87260
92716
5745
92323
189
24948
40278
21163
73964
8533
75643
88970
7695
45467
62725
28628
6160
50463
20074
4994
20535
98355
9431
89290
6206
71267
39123
15290
21381
22884
31772
48585
90454
2442
18445
98020
76095
82139
66497
29963
93055
66938
84655
70875
66391
81751
9037
612
55269
26717
24532
48290
13171
15875
96179
33552
58346
9775
54938
45818
29039
7730
38892
82989
3071
55721
22896
42772
6298
66122
71341
28039
93995
82894
33045
12901
12171
20952
38983
2903
34904
68192
87791
77697
31975
50116
20852
7800
40133
51370
65030
9730
61043
17852
39274
60918
91457
57222
45284
97691
48321
25310
38531
42548
99472
97549
79784
35309
24312
77108
83944
70607
49101
80199
68882
55809
66546
23244
57785
13099
80472
7508
64461
87525
78028
34419
25459
66769
89052
70596
92762
81617
97922
24012
15280
46105
24387
67687
22424
22746
47587
64360
93222
4758
94416
39576
8590
76370
68322
63080
22275
31993
58927
67128
74817
17789
61014
4736
94955
71952
37496
29443
46357
75161
53763
70804
23223
90615
11223
5988
65998
94752
8889
90866
11803
4187
41820
88472
90992
78632
96051
39944
51753
22210
46986
11371
53554
84547
47270
90323
50187
8915
4621
98626
6623
25890
22190
27355
51884
7340
71198
38726
64537
39178
66017
56234
92127
89369
46807
76274
48596
87776
87272
19074
12573
56050
24692
20782
90986
11856
73313
17724
90129
45771
1000
53611
85296
43047
15300
94327
1893
16454
15526
78170
22277
74080
95206
58710
50076
10058
93998
8824
8377
85999
84522
72483
31036
58427
71672
60472
55063
71014
28157
64558
43933
91655
31474
48253
23273
70859
64599
97494
99034
79547
84200
92177
13526
39555
79532
23231
69042
52559
47154
55168
20862
5399
96042
89789
21424
81429
26248
54651
72406
5757
17948
54104
5741
74588
7666
47569
49445
47232
53487
93317
83118
52370
14358
90013
41611
23881
36091
88809
84123
18647
99071
54364
91406
50526
10897
50525
37997
47462
58939
58148
50519
89475
27729
89287
89280
91585
29333
63795
71445
52729
62764
1214
49429
6320
28383
16107
60598
45686
31261
99699
76023
72336
43951
21196
35740
14575
43408
3645
34676
52472
27308
93394
45567
54930
76868
54410
76133
32010
29871
22713
22953
65822
99526
88138
18705
46542
9151
18634
92320
89238
48156
98808
64219
81007
78275
89807
69856
94585
97763
66581
57315
32140
1879
89221
61659
10997
13029
73350
82463
54173
85606
98253
36750
36194
24416
60789
52408
75886
4495
35375
70263
46789
13341
38931
15116
2756
21683
2584
73173
1211
50133
91766
68204
85611
8945
81694
61372
67983
63797
439
12817
78467
58413
93612
63561
20441
65640
99002
42645
30205
1669
19207
33597
81051
30725
58753
82532
86675
74159
33389
37046
98967
59278
77756
58560
69461
77382
13952
88751
29561
24064
15559
44671
80063
12264
63365
91401
32262
67926
8760
36603
54594
54408
5557
39303
88196
47115
87270
30400
26923
53137
71502
13478
23023
36114
35132
55387
45376
75290
13616
2912
27214
86131
38780
27285
27061
86355
66839
47838
49809
70710
49216
20802
79150
41684
4961
76531
90867
10778
85458
49764
51206
8194
30195
89769
23610
1439
87019
25286
78111
43410
41404
47736
15756
85003
9142
15663
46104
7127
35837
32341
96287
24300
88627
13715
2812
29657
47848
9701
89970
59317
72104
57678
17087
60751
52336
52026
96374
46180
69417
9097
87035
14409
95706
59580
55430
97398
45220
88320
37472
44868
75004
10340
18196
5812
30970
98581
96584
56194
6137
34830
67689
57927
56203
57507
83813
63639
54841
69857
40861
89626
31742
49460
64194
50732
73667
98230
13039
26875
212
74922
47303
38386
22837
4364
13060
11731
31232
7630
41408
86675
42379
16084
83810
53483
23600
56464
14696
33638
59624
54791
69999
16607
47775
58769
55016
37302
26211
52992
39293
1981
20362
64602
22666
24945
34921
51492
107
39681
15887
2086
71443
36495
32029
21754
3062
86989
40512
3081
99593
68471
82736
1634
98818
68021
1214
72524
1587
96940
70975
77031
94835
83819
49139
88786
79300
80952
57523
34095
81879
28305
21698
80520
98924
87855
97492
88601
22514
83756
55985
65457
11448
31211
48443
25894
55812
35716
91850
12626
36782
57633
18296
59296
41851
96032
25822
20589
32589
18505
58429
11467
28229
584
84817
42174
56385
11772
21977
88711
58522
23819
12098
89477
58554
63762
84046
38859
59705
10319
14154
93135
99165
96872
6711
42674
9014
32255
50150
63935
35862
38262
61485
20935
33696
3006
45922
55425
22233
88528
436
15313
90574
79071
59323
32362
67977
35935
7699
68674
30659
31342
51031
52713
48839
36222
97501
78172
66403
53163
77167
65826
77052
27068
36466
56747
72066
91769
29251
75319
71629
18249
30310
56720
20889
14758
72331
82218
63668
89682
22280
99894
63101
76196
24957
64388
78062
13373
33312
97018
53544
43451
33265
91604
13207
4025
46757
56067
8672
85321
90920
98200
72898
45535
15817
43849
2457
96620
6264
39776
55032
1984
28665
63197
48460
41226
92905
52350
48164
61598
24552
95001
57698
3277
92122
97567
70335
30250
75592
27920
277
19465
81558
37278
17097
7226
4128
39984
31174
37515
25709
19964
70154
75143
65674
88718
39098
33965
18931
87487
99294
64171
29838
84798
29359
31191
16947
66558
40395
20388
58
38114
48814
36464
46153
26132
66116
99580
43904
71929
48928
87006
54430
65771
52335
71556
77660
54298
67636
80414
25266
85507
29868
84480
61106
83807
75463
53414
21491
22178
2919
85282
91950
60368
14336
46651
47485
57466
92215
28286
65084
34959
13069
27687
8597
38478
31278
98733
34557
65583
99561
26825
38920
79495
69404
40192
50614
55798
29119
95628
73821
53372
57710
89314
27288
62774
73015
17149
17036
34225
13927
85466
92612
54340
98926
18812
45592
68932
21132
52731
42953
77130
49621
91064
63494
78881
47269
34669
45399
78981
19668
6025
85505
88719
67990
19019
1572
48318
93632
22468
59270
84607
42648
32551
87454
48373
47696
90753
49063
79562
20845
17410
94278
99963
98620
36480
34936
12399
31894
16764
39642
58361
12666
61689
45327
45578
95371
84918
87735
40786
14653
92972
63857
63714
86613
29469
58463
27969
14947
91190
93220
80226
3621
7948
34074
4576
78400
75327
75559
81553
49784
5529
79130
34683
78019
27358
70852
2764
27819
7637
85824
71747
5583
54052
94659
86236
9839
72596
70977
78454
85268
14547
12017
9827
61049
30478
54672
83593
36657
81071
97031
55505
59128
55874
25662
70585
69245
83993
67667
95383
87589
44488
48349
25037
14358
33365
7133
20266
94897
48717
81907
22032
99400
25461
60938
65762
94234
50337
20603
428
98958
46621
8324
53771
74659
39359
10848
62822
28185
66528
46039
95037
62251
44246
64315
34067
56919
48160
72915
76023
15904
25718
53116
83119
90909
49130
1379
38399
4418
20191
34593
80050
25135
58435
25795
14247
8245
82593
99225
30421
1847
57286
69748
54078
32601
92717
15016
89741
87135
92872
75334
84908
13868
48409
81040
38962
25218
87115
10875
52544
50379
14705
47739
16378
10764
9333
32101
77215
69239
39125
54544
21091
59566
199
54862
65062
52355
33365
21564
18287
87934
12089
66834
73792
9004
23483
76559
11801
86540
84232
37875
13271
29302
75826
32850
94062
78785
51592
17886
68633
71779
95287
39857
9026
83645
58013
83667
40760
63950
63293
12350
11534
98565
80615
24137
98843
50484
87761
57909
73955
74395
36765
17257
9353
94744
75509
18714
9447
19130
50996
43904
62526
90690
49444
9115
56676
98780
43146
756
97787
7479
52914
33985
58074
8280
9840
99254
98625
73026
94968
12102
29506
85190
6693
17982
65615
1844
49342
79125
84726
15751
7790
35712
49640
59251
10155
76072
88933
27824
9840
53549
2085
61637
78395
73829
27734
37038
66924
81601
98544
64877
21910
65429
83561
90654
5196
25281
88885
59882
77481
88337
87478
47762
71443
50541
37241
73355
74444
23845
40535
39715
37355
69384
89612
71018
93578
99945
25896
33098
38954
45691
68985
93835
6216
85858
87265
50809
61254
69347
8476
13138
16914
2268
30094
2446
83569
39241
134
70641
28008
91028
82517
91025
38666
66336
43363
88160
76605
59257
47582
35737
16531
95965
62425
46963
63904
22898
59027
54388
89369
92470
50505
78817
63138
31597
52586
23615
60305
3439
42099
27077
39954
75287
85897
68928
56769
38803
28296
69873
73338
60093
14890
42983
66377
48394
2132
75398
47481
35799
22962
15960
30975
28754
44577
12651
35372
92766
15512
7676
72275
9226
65380
5606
57467
8313
95075
41444
79633
15589
32817
59856
91811
16507
34849
35582
48922
41396
5578
24175
52199
77620
81375
68125
97445
87401
94761
97517
83461
24023
77338
19173
46910
63701
9730
88138
40193
27280
25927
91338
86416
770
13579
85034
71106
32320
72789
8742
83335
32778
67278
84307
4217
63405
19118
27286
77381
44924
83104
80143
55998
76298
2194
42576
30955
32915
98887
3868
96877
40864
85262
16620
84623
53691
45096
36869
8757
16447
32805
91032
80180
66642
55932
21313
10770
35980
26241
37517
92302
7369
34554
49722
94888
60637
73941
52706
45028
80837
88940
24363
81711
60057
34815
74366
54269
95886
95822
80339
6730
90588
46008
57431
11365
44184
9706
61166
29222
1263
43978
95446
24481
63563
75584
9140
68938
3207
51141
44192
96963
69672
36435
38525
79630
74126
83553
83745
81944
224
27195
62002
92412
66681
45697
22036
79526
42171
14105
60153
79935
11905
37178
50673
16029
99947
19474
67945
58331
69889
78368
75802
88576
97292
99821
95578
9130
17214
55264
50754
92084
14429
97377
10584
77751
89573
62078
28328
64740
30083
13129
26447
26892
83665
46607
42495
9944
68777
33791
29416
29265
35834
31649
75531
78606
25403
11573
34359
67617
58961
13356
86186
23120
53274
45475
93542
59622
26583
8541
17994
18886
43256
71046
89010
99578
20130
27538
65168
34421
62627
23917
35097
40678
556
68558
24236
76703
79058
8013
77980
992
26517
13579
93673
79435
52088
87641
37296
68256
94180
75295
77297
69350
80726
7777
55770
994
34332
38581
11849
79146
18323
8221
69091
8635
32438
9665
12285
71988
42253
95677
97905
440
3470
32626
75939
31442
6110
39827
60933
37009
97396
96258
25944
44859
92093
17989
95634
34161
64265
82932
10967
24136
88008
3762
77159
92513
80533
31374
68573
4882
45320
82074
59200
67680
52221
89068
32630
97090
30786
47312
42928
18273
16907
26251
97132
18606
66012
29718
28215
79204
8306
73622
36517
47020
24656
45540
57168
27999
31758
18877
28759
35969
82994
34970
25916
90884
18278
22609
65732
84686
93536
45513
37104
62833
85256
35842
21588
78532
35728
2105
8919
25418
31977
81103
52329
35079
87721
57886
81893
52661
56078
86147
89560
69410
63155
342
58923
75649
19933
20317
69922
29844
4906
73617
44455
81250
55277
43246
89837
6899
62335
42757
20067
33375
98821
34037
18069
56288
70274
82911
69289
70123
7149
35940
66190
57196
3238
43582
30060
64904
98031
59514
2124
41168
84280
17692
51993
43421
85866
91890
50873
81053
83785
38754
34936
15065
13083
36455
1056
51266
82805
92518
17669
21808
59842
31030
60580
75462
6942
70255
60959
7504
15416
89298
3880
4894
47402
44922
52154
95820
27228
44440
96525
85374
96429
17349
93814
92520
77305
54773
99410
27070
71886
10869
88028
51579
79403
60517
82229
88684
35740
1487
63086
38585
61206
50226
15472
94109
17875
82170
44079
5789
43153
99701
91352
29522
28961
81396
10845
42275
68224
97446
42678
76372
97735
17437
28269
73482
19366
54478
71111
79546
97024
69271
20313
30296
35756
79538
69943
93236
95160
15966
55397
25486
56840
1058
86027
67684
43748
14252
97379
61734
31514
84417
81445
7337
26288
20873
10143
18336
2742
20372
77074
36818
83413
7480
77451
35273
4462
32118
46592
43358
71781
40671
92662
19731
20937
14696
5301
51508
34993
77156
38554
56003
57366
49521
27640
49844
47926
67702
39591
21512
22057
53810
46983
11231
14438
28537
26537
89208
52691
27516
50891
58189
81824
63727
12169
31518
84771
69621
96111
31747
34591
48658
67883
52367
5930
54771
90685
81102
46106
24808
96363
37903
58034
54443
42957
14838
91670
23227
50186
35152
91252
14174
68441
47682
2790
40089
7062
76199
84580
95090
18216
28401
5029
33788
38754
23473
32743
54946
15906
1735
45867
60929
18597
91305
61469
57830
41328
54594
91922
84220
30767
78643
45272
95179
21459
20616
31485
58937
65146
86198
58499
66765
95290
33568
40679
60061
98910
31411
10232
52274
58671
12340
53575
43853
51346
82749
97097
65362
6626
68913
24218
81387
55533
60438
42288
40806
73619
70168
16707
6709
8546
73362
33522
43986
73975
61889
62498
82443
65599
51752
84953
84838
67059
56078
97602
96065
12760
18077
63611
91711
86566
4140
6787
8072
23287
57111
20278
15969
65547
93066
35635
96853
91477
15616
19340
65573
44583
92463
35883
45389
96128
794
73127
35024
86911
32043
1696
52548
3474
47377
80142
97936
52447
60027
93171
34397
15057
80620
10173
2519
64679
9796
4545
98298
23653
58356
54589
95609
97077
9972
28499
70059
73405
33366
48919
49492
27136
36959
79038
7504
21193
9097
8367
88028
39033
52225
69119
4145
69059
89612
55798
294
64236
25875
87981
95542
87491
49981
22610
29563
21839
92018
28719
1967
51131
77653
26594
41350
9087
37430
83975
60415
74945
62970
4961
16789
78824
53048
43087
77837
44130
25095
33931
70217
50690
96427
7799
37518
79424
24559
75521
60688
84064
33545
19643
33946
16105
89774
39532
20371
28309
64828
43237
70607
73058
2327
94291
34034
3497
82991
69041
96013
63147
41079
96355
44056
54511
42516
26360
40614
39289
99389
85175
22049
53577
93966
34738
64270
19133
64601
80063
59925
61591
44894
41018
84791
92655
20079
86385
85255
29444
89458
27619
456
72622
53561
32919
7633
92626
71743
15158
72199
91823
15766
40721
2776
68435
43424
59309
47340
58192
20905
40305
4978
74286
74180
38042
23839
80400
44351
26095
60549
18068
19055
37972
14944
46780
81108
54724
98598
43137
16019
88926
38007
9945
21474
79250
57873
62210
55999
57895
44596
95059
88444
13054
54496
83376
2007
88497
75571
11337
57312
25074
7068
41969
24243
6977
34059
80561
53847
43070
91706
8602
25622
19387
66405
86443
78043
81840
58668
88484
15363
96987
47185
88398
21120
76838
5597
14690
55519
37757
32874
69626
42639
44556
18482
88292
70560
22822
21298
37593
14935
28671
78071
65305
83931
23442
62548
39450
86068
55219
6208
22375
34598
67860
15133
77441
71313
52585
85138
88527
14234
84467
35123
96046
2525
27721
97696
70745
73345
52140
56062
1288
68327
63333
63930
42045
19909
3970
79548
63193
9872
52097
29312
95635
51584
97382
15159
43581
36071
64090
81890
91284
19537
63144
69933
99967
61600
18116
11125
80858
43100
11788
71583
5683
55301
96620
99208
76695
14382
97411
85683
1355
80295
12490
90539
88645
22343
48140
48272
70845
17378
25520
39307
9607
22628
16471
14058
4978
47487
44968
95205
65444
73273
70277
63283
92878
963
9680
13755
34880
73361
13286
10927
15985
3477
86852
33689
46022
68301
56372
5227
64983
47828
33432
51047
95002
22813
45101
65498
71380
63955
40524
60357
98828
85242
33176
23749
41956
88587
62738
86086
10921
21539
35944
39932
56959
78641
17488
52623
94308
33397
33044
56293
30061
2395
82211
3702
89299
77238
22707
37275
82453
87883
33648
5398
91760
8691
33213
53069
93991
1173
64127
61052
23145
74052
18629
2959
93139
70279
89080
77689
23899
80937
5260
48352
33964
4188
7467
36363
34400
1139
24140
72082
52035
81
83890
22828
37976
80967
93076
57401
44213
88326
17808
90757
60970
14069
75769
31285
55961
47506
62478
25205
86325
45254
10806
4853
12728
21490
81825
79757
62472
58676
94716
65184
39738
90962
998
43865
15148
31703
9774
35219
33663
25914
62205
8205
75755
77045
51548
90450
72941
23867
37340
40270
59149
92695
35502
10817
61500
81960
66106
3459
17683
18187
2756
15645
24524
94172
47776
64825
37994
83260
94322
66769
88173
59169
44845
42241
32278
89196
84130
19746
54843
86074
85535
4122
403
12052
73052
65453
56857
24851
13472
25768
17289
95368
19978
10921
18465
69297
33197
88968
62281
72353
89971
46769
25049
88676
48116
45769
68923
63003
98507
80294
71568
97739
94735
82495
12471
31798
95795
41977
56056
79501
26946
98298
5691
49819
29480
31022
32990
34848
8533
61391
37525
80891
51028
47214
49321
71239
89437
10843
5697
47403
25010
863
84439
33489
99573
1302
75829
2127
15178
90273
69837
69021
44849
67093
70045
70947
99452
94679
53151
95376
56906
92245
26877
77441
3395
79758
58537
78233
59944
51397
96508
61718
66330
4994
50540
24658
1510
39076
33599
25804
21900
85981
47854
38634
44694
24016
77907
42297
60466
69566
59480
42090
91899
59898
51261
82484
98004
50814
67145
41185
39997
15427
88862
14328
458
61545
78178
61070
52223
34856
13468
84387
56396
74473
13956
60609
95090
53729
35181
65818
86383
22089
9274
71860
23110
21709
15247
54543
78148
65321
31093
79717
52988
26664
14229
52059
22181
68026
28214
25275
90119
52764
86062
1729
61882
20668
62340
3949
64339
56487
81697
51586
41688
88859
84197
80238
51892
90678
57499
47721
37835
684
82406
31071
21488
22864
92125
81609
92657
65511
72340
35936
20474
45935
30579
45565
65751
99667
95417
65881
12129
29033
37373
21798
68401
61029
33007
6449
61336
43660
28652
41777
57939
35779
3171
9715
78716
21242
41417
11006
30480
12826
55733
31341
65204
68776
9019
84522
37184
37822
39626
86984
75272
30870
45473
49537
80505
28980
10206
95227
81363
20860
37691
19085
75401
21070
5539
74877
812
28659
56816
62339
11722
52773
16523
20587
58020
55995
27378
43081
75062
49533
13235
56001
29527
87211
34866
43202
32909
55122
41043
20596
55444
40631
81327
4272
15157
9760
8596
40457
78606
35888
75269
25928
57408
46456
80795
72964
72926
61088
94590
97808
49185
19339
38646
64488
30845
44924
76293
62402
61133
93561
82990
93245
34737
26708
2113
4012
90841
64479
55277
95209
45758
77298
57037
40836
25648
14192
56113
11433
47451
20050
79048
76189
79667
71659
80744
58984
4392
54470
59373
52341
76758
98927
28560
10286
26521
55620
64597
9477
87995
70289
26128
62638
22278
50983
3668
95676
81752
38648
30207
6346
20609
75067
48639
51629
23129
7482
35282
39111
98795
28948
34909
76140
710
57023
63200
83576
26595
95619
46893
74933
27101
73277
41008
85988
37487
67924
99424
58482
53424
89374
92009
29743
74458
17628
29622
7214
25901
90932
71813
35520
72962
60865
70378
54968
18248
70541
87541
68509
67693
12738
55357
2297
49977
29637
73548
82819
35938
46784
55780
49762
64754
61955
80526
8830
65408
62955
68511
35968
63975
89632
51150
25326
9951
88429
38208
655
42176
70819
42583
87477
39052
35596
95012
5360
71120
11766
5120
8694
5715
11888
84466
14538
30687
30239
93111
66182
90303
2633
61037
78544
88350
82320
11491
78147
39339
65051
11583
82058
67910
80977
30702
68847
70754
16057
61242
33612
88603
45194
75432
43518
12278
53090
19224
4000
36803
79113
99377
72471
45324
87680
33703
88147
47035
38205
34168
60865
91401
12892
75341
31069
33054
64358
72067
55214
78088
3483
94237
31718
4189
99069
10355
85111
63365
91902
69892
59669
79848
12194
99332
84005
88247
91297
25867
58996
43408
17017
56109
28974
24347
87882
95607
82064
50451
67452
66025
32557
14690
45448
12397
73265
60506
52767
96848
83426
86473
38954
80596
25038
98937
40579
8269
32595
97491
11605
4354
98061
17040
58454
5663
12368
65206
28546
78947
91483
35143
53570
60714
87283
58590
4212
38541
91287
16862
7125
60044
69609
42292
96468
90299
4667
79578
1746
75147
35433
79242
34497
51618
36835
4712
74497
10326
43962
5436
64559
36008
43220
17661
27502
11610
92037
32536
43936
92514
52273
67802
35884
31767
44246
23370
71688
28853
77461
68918
25902
4799
84426
6974
19654
59592
36470
92930
33157
80796
92023
73861
70361
59546
80320
82990
22272
30084
17030
90549
20781
55057
12713
32044
11904
35767
25073
63712
63130
74444
30057
54007
53030
51031
36102
5167
66332
15585
67870
17699
75343
83894
93090
786
1131
47228
37268
59023
97611
84536
10666
11513
87956
90170
56095
58706
17972
87368
41550
14677
27274
66774
49094
4299
83159
12523
44738
60119
84576
11905
94975
17392
84146
65744
32388
98422
7075
40957
23281
27626
85352
59791
43480
2524
80307
69307
67219
5617
65207
23829
57119
40410
95839
19787
59033
47457
11747
21403
1243
95866
43794
19353
825
50607
33759
7391
2003
63386
10991
42384
20109
87172
56362
5933
58489
24449
26602
42970
41232
93790
85291
36540
99885
97818
17643
75030
72691
45213
97476
96946
67325
8816
60433
24785
68007
34541
5508
33314
41466
8354
85823
92057
45815
72272
49191
73574
32823
55628
34341
51790
87775
4944
70390
24695
25811
50479
44888
46526
52691
25480
18724
3487
37798
17366
97373
45390
61105
33894
95125
90744
74159
54376
94611
8462
50990
21203
66721
225
34713
80130
3519
60935
89409
88497
9516
10734
31673
38946
59114
20598
77789
91644
2616
16413
84120
2232
65184
86485
66373
57566
73645
3757
99303
94206
70938
62602
14362
26914
3546
66815
51162
87265
17884
84508
42957
6117
22991
46950
45817
31454
86961
81906
1482
5994
43605
21216
62386
74688
13209
41809
98332
17667
47427
76764
82251
5415
30003
87238
13649
22150
75921
22847
64233
80153
67753
75374
26474
14193
25328
48290
4285
57573
58656
47045
36283
49604
20399
44666
59381
42048
59119
34294
66378
86664
71846
10530
84334
69161
16365
70995
19352
34705
35555
59141
22082
73905
47629
55269
40249
19222
59983
74673
49497
23042
76952
91120
8177
82178
26872
50363
44536
78115
72836
60940
27044
3946
25486
57082
80450
55275
68189
97739
95475
86113
39107
13479
95937
90896
83953
35670
52743
38164
11412
71163
48561
58094
48285
31120
47438
26700
67683
12001
97426
96889
79120
87878
81444
75103
6200
87736
10226
23396
68514
62840
707
51663
86165
83542
26144
67802
9166
12425
48788
67296
69256
59585
26636
40062
19515
2294
65313
65712
74847
50363
82762
8016
438
36036
12362
43692
46331
2563
87512
33085
95899
53201
58
12592
1541
33427
5301
23952
76167
39714
18982
50416
73354
34336
14321
71620
58254
17854
93062
94979
65789
10538
79198
50295
72629
6360
96492
28782
87405
20913
4519
48518
28303
72343
94362
48859
89322
77779
69281
45183
76933
89498
17621
83159
68952
7128
83371
33142
35095
30582
89170
82416
81394
66830
74916
83389
89997
44779
1062
51919
12584
88651
21522
97813
36789
21845
45420
21258
10754
20752
64044
72000
83944
93763
14836
80566
83024
9666
49736
17350
78682
58864
90746
64567
9304
32840
30567
40060
84448
17331
23554
32908
3626
90801
39350
1867
13088
80776
60590
20946
32878
52206
98991
94546
77229
90197
50397
33897
53218
25860
5469
93677
84142
35671
98265
96393
69891
53951
57020
54536
92099
43617
19873
63224
51056
24728
52672
33617
66305
28450
22297
48995
58601
690
70969
72778
22603
19219
5066
56447
28457
76187
99674
83106
12783
29995
3635
89684
57874
64259
77205
56903
20865
18985
20194
17001
28161
46238
23824
83828
54014
15118
16245
61906
65704
62741
92637
3044
86442
29459
76964
92278
97617
4022
99859
59123
12826
75019
50801
76720
65036
23998
87219
18019
60140
99461
66526
60099
89310
67032
34377
76101
83489
71606
28178
59082
38585
76489
29001
97304
28631
74406
64343
65449
54259
43869
83404
77044
61814
40034
40317
70404
58327
2005
84721
7454
77967
96037
78658
36244
56313
9356
76166
41413
66915
59929
32248
46823
84285
99546
93397
29676
94299
99846
85561
61050
33943
23602
17033
96444
94688
58981
80889
67835
7890
14161
2822
41240
72543
42957
39715
13828
89562
9434
1912
75986
54966
86685
40022
53260
5618
74103
90244
32214
59180
16232
5963
23645
1366
29545
98247
1932
24756
82776
78595
830
29790
99724
2809
92623
95669
49564
21928
24712
3807
58683
16802
67649
26855
40005
43213
60297
18124
83353
95182
21490
42958
82101
78996
20888
2744
63168
12891
12385
96234
73243
71925
59331
68026
6632
34183
14460
40490
16842
29309
95088
57509
99921
79357
10241
36712
43353
4419
48782
98593
80462
13010
24943
19607
99434
46424
91386
20878
47980
7553
42816
72085
53058
81383
99935
79878
99912
74476
55611
9519
80577
18145
28683
21549
79210
82158
75674
63026
60903
64871
86148
50676
82045
66398
57408
65444
38744
6684
98061
18524
45211
9327
38266
58413
55761
35764
69015
84391
92336
14311
24124
34755
85908
6328
78459
57714
34101
19437
91511
89710
22702
16851
19236
80972
1770
88074
1751
97523
95932
27231
95108
33704
47156
79244
40583
43664
40910
2085
78943
99632
39254
81245
64230
46944
98474
56239
11511
36749
58335
82297
54281
75858
93871
77848
84575
53565
65229
13644
16304
76262
38117
72749
91375
94261
1764
91406
98352
42130
87911
19172
26995
93770
42538
40762
58476
33842
73089
11704
10374
98005
71714
92588
30596
91913
174
71900
36654
88175
78733
44213
42734
83939
1449
7803
3548
44203
47397
32694
54897
96392
31196
48579
97889
18908
41744
22535
80288
69880
66737
87064
24738
69693
26343
5695
46365
93529
72396
51376
87484
43807
99428
67221
1611
50254
33370
63829
85090
28128
31143
52408
97673
91508
37529
10012
75890
39338
32150
10789
47119
19644
49166
89936
87743
59878
20571
73825
84537
58594
68989
54109
70284
50203
90725
58986
5045
7869
34821
84042
54153
33421
62277
56904
8422
19483
17826
49538
5481
55446
53901
4449
93075
56269
91325
82023
95014
88530
85125
27169
20079
92562
74506
81406
95940
39566
99201
1041
44345
46930
52169
7163
73108
79237
31726
9268
84207
78739
77931
8347
23927
26264
50020
54431
11183
7732
54410
15231
60994
82914
98913
29779
14079
43985
30608
84694
56725
95673
51777
68409
25565
69398
59497
19811
39839
74131
83802
41720
67653
18968
52266
95831
20680
85937
58841
73454
19028
52091
44091
51990
88294
25701
67248
66222
56731
37236
50990
68222
66590
50814
60884
7736
59085
49518
89938
5366
21955
93483
74898
57737
3195
32808
34754
57275
35247
31037
98385
94769
75034
42062
71524
30145
51596
61927
46582
57749
33931
7048
64099
49378
76140
96151
93657
40753
6723
74354
46019
92714
72298
78745
97172
8186
37440
38424
14872
92401
6784
5022
71842
399
35645
49050
70017
88954
29299
19175
26938
22885
50576
42787
2695
93588
44186
56207
25288
59282
83413
95086
61192
58528
26530
98260
83075
36241
56160
15765
42331
69336
39051
39380
25223
12816
35467
33920
5013
18104
8060
72700
89615
41984
30295
67841
83677
26167
15083
2252
37490
70165
10402
80364
99048
8479
4136
18465
3917
94768
85213
3272
73337
59899
88867
14963
77682
67640
87983
64334
12859
8976
14945
50073
61218
59334
44561
94086
18108
26189
6122
62099
11060
56563
58904
94649
27163
27230
15455
81800
80323
19560
54233
5655
27582
39568
35025
59052
37552
26210
57437
33506
27998
32653
52295
56618
72652
21705
22330
45979
60319
31117
89326
41230
99000
73159
66895
290
53895
17169
10388
2361
52359
55810
70010
4789
44488
67855
92703
51166
12612
1347
28535
31871
72833
92766
29245
34231
96188
14407
41993
35316
72077
86793
53865
15478
43245
92676
3347
16675
93722
93366
99885
2271
82620
45520
88518
66935
56817
83119
77380
1928
63482
35085
78886
44433
42687
20992
37110
11871
63970
37061
76704
36965
90171
97641
31761
59909
85906
4999
27715
65189
19286
93376
98036
98610
59243
4902
67857
44892
50940
11316
4040
11786
69486
86385
4914
27179
88120
75436
59597
89636
83269
86237
66605
51548
24227
48082
27329
58671
18063
16995
35292
19622
38293
315
69147
16207
19810
81365
62061
81195
49881
44365
40986
22588
70532
28400
36591
34225
42372
96511
68044
93452
70246
15350
54991
49069
26861
96361
8644
80914
27927
21345
23710
91212
63525
32328
19187
69880
53307
32169
6794
88187
97589
89629
73183
27745
57698
60442
47640
19143
2260
54585
3057
93699
5288
40239
96130
22440
77408
95766
79323
44421
40601
59238
42718
54221
73496
86624
46410
92144
26744
58117
80549
94074
66824
51459
1298
13037
36144
7823
45694
78178
35450
15451
72930
32214
89200
43354
95166
50197
84294
27584
50274
53514
87326
16992
69254
31769
56680
28413
68520
40473
2563
93443
51189
58611
31466
50368
22957
33889
32950
80025
99143
33657
80800
9001
13182
30073
97069
63139
68988
17014
83770
9051
97063
7639
87889
78207
51944
39292
89468
35785
61981
73472
84769
10732
82576
55869
25727
9462
69514
27342
37637
79363
99774
89387
7152
29562
94934
86292
39072
60886
21761
53821
53859
60019
98612
57539
13337
46108
88067
82918
49711
45130
67749
89558
38257
95993
66409
22028
39789
97259
58137
56860
61967
45802
41781
59950
47474
51217
88388
55133
47349
40844
91521
88671
18567
85569
10680
51465
59405
19622
1726
84983
66745
38725
72150
60759
71133
46321
90188
49405
46560
23982
42485
34602
81051
44481
65851
51419
39760
26242
84266
80665
32821
39507
92235
56449
10180
85769
59834
47906
7237
50014
65710
41612
69087
87256
16064
89251
49770
9195
77449
94327
64096
99485
82777
29313
20041
51576
75808
70086
2859
23327
19063
61836
4267
72135
37224
86839
21245
16311
47
88013
81525
5854
76299
53809
51704
67489
76984
92345
33134
15815
19739
99776
74258
57759
6962
22531
31576
16369
49871
19499
64939
23786
2413
27642
75876
92265
54118
52656
16020
18137
99004
68505
29118
35436
20347
37775
52238
33768
88645
17361
55175
20163
55355
45656
25550
90068
95346
69077
84961
59308
19606
71028
98298
9232
24247
37071
46160
79008
64417
21417
17965
22900
11486
95083
83825
20138
96465
42864
91377
69994
88451
82053
11810
52995
30276
33469
69895
31464
36266
6710
92370
98542
48001
5659
65148
96243
52890
37665
4310
57966
60144
46604
71773
62486
38563
50919
6631
60032
15871
37457
29644
27811
66216
72122
67222
67965
16452
41280
45681
16860
95677
6487
70846
59595
38906
9700
8352
20424
82003
78290
68639
38341
56956
4438
16124
61373
79824
40002
60760
27217
19602
33598
3813
33810
31474
9959
18334
8612
32951
88320
34833
31641
68629
62913
66943
13332
9603
85807
17196
88484
94750
18155
88227
85474
97329
91341
94370
67928
137
17521
36380
39010
21066
58001
84332
17357
76999
42767
16502
34552
98602
71399
76900
35914
7034
79012
29320
56681
36129
40611
98754
10381
64421
88476
24027
69466
42562
71682
39585
13172
6616
69997
82621
23344
7353
22504
22584
54032
65908
58199
85573
75079
11853
18642
51471
76953
65138
66755
10322
33570
40808
92727
53656
20005
65120
83882
45475
35704
26943
61386
22135
58341
93765
14817
395
61850
90350
53765
29519
50656
61045
12828
42425
13383
75685
73733
39550
30212
49966
58150
46503
29706
26786
2403
33419
77304
69402
83890
93029
12296
73404
46820
1550
98807
21356
9450
38157
59986
73045
15109
59694
56499
24742
53285
85986
11150
21314
65932
29448
84620
31948
54332
20178
6540
37741
9383
47496
19785
81284
17437
28037
70362
5843
60462
36443
81259
3865
81359
90514
49284
94790
10067
81729
14338
89477
11447
15810
62415
98079
57533
66284
71814
83796
95295
14829
60818
25317
87043
79071
88321
12674
70753
11429
63538
28171
57301
16093
45818
24351
32538
63240
37423
75706
76473
84036
74854
98275
67115
12021
62463
53975
84179
62244
78267
25402
7311
53957
34842
23787
36099
16787
10067
47321
55229
92834
48353
66250
52513
64791
23543
15364
16078
74930
67941
40183
78703
79192
50769
19377
55721
45074
42540
22279
50507
4778
40561
43828
27972
60320
96825
58202
73629
28962
1164
48715
23275
70721
48468
25585
94242
62555
22094
27763
74501
6988
47096
24320
22841
68472
22971
20229
15626
86758
87807
64990
79525
72206
93225
34053
44767
23475
51870
16815
86209
55858
20650
73149
64452
94695
43154
73016
52181
39302
94111
84890
76801
81523
14690
61749
25579
21129
77902
90695
74082
54311
42474
33139
52793
17727
95033
95460
5987
96427
44040
10355
58309
39625
90620
3124
52278
20026
59713
15079
83944
77459
3929
18479
99244
10759
24914
19404
44170
16552
95568
51066
3432
88580
80092
65867
53512
83924
72280
87201
40934
57856
59050
15715
67466
76989
12088
41990
3572
63654
84741
32622
86720
26861
12310
98173
58889
27941
76241
60534
17694
49898
11407
57632
29151
81739
19740
88617
84263
22156
10930
18720
53236
38723
74594
71657
75073
9194
59007
97405
27694
56052
42934
47413
64748
27969
2472
95618
63327
34564
95047
38801
90164
7466
10810
54347
29405
61898
52494
93265
62890
86169
60911
27437
15446
48342
85978
39156
90881
48789
52623
57277
10106
9482
70295
32596
93433
32982
16312
81771
89543
68897
15134
69971
7691
36080
48982
67334
91880
45832
44501
67491
23843
43067
67491
17622
46991
20924
51198
84729
40957
7089
67288
56072
14532
90742
69122
14264
41799
34910
53697
84353
71275
29622
90825
64617
9740
64101
90358
14705
51036
37938
81876
78457
35741
34243
94720
69554
42638
67196
83365
38959
81544
72522
63314
73331
52446
32072
27875
76607
47684
19694
96593
45671
2105
40015
70195
93352
64384
60958
36073
91840
8028
75421
55706
79082
58907
68850
21301
30611
29144
18229
97676
33261
35843
31612
54073
42289
12038
68891
28223
60558
30876
9206
40077
59312
67193
96886
23905
13348
1857
1408
59800
39107
42217
83020
54363
41195
51488
56708
37084
84944
74853
14799
28596
79286
92834
39012
71305
23106
35723
2090
40652
79201
24438
98245
67881
93286
22479
34407
66845
3483
76842
5234
44754
95493
48430
64368
63425
19208
68164
16057
74541
40822
92235
11880
89750
43999
48606
18701
49836
88928
99786
3149
76047
6335
48581
14382
54205
59373
70283
95551
48779
13584
33886
14441
14269
23918
92276
37183
15500
90858
31581
73636
35156
29354
84338
54524
31115
11676
97217
95848
26676
25700
33268
25052
86028
99515
27263
10437
42011
99575
81804
982
39088
73572
79196
17158
20806
22732
53345
28586
44775
50572
79407
89463
867
20158
50596
37952
31962
28918
92403
14962
34899
49313
97153
98016
3018
14856
53748
75105
2576
47825
30522
13609
90439
8985
30725
79063
15730
23741
82042
39688
76633
10658
50072
92568
83287
27727
41159
53259
49999
90345
21453
97694
97315
12217
44301
46265
31975
37267
17024
2946
50465
46276
10471
13037
31921
54947
15333
69873
87541
11590
27413
49309
16770
20625
28288
49767
35793
59606
69990
45583
73061
40765
46493
1832
22184
6729
95003
28082
88596
12957
29780
27070
66382
97566
10279
7334
43937
74054
31767
92536
63279
19724
1576
40134
30065
18445
65998
16949
18563
4879
68207
24091
25557
52926
59841
13646
20919
6937
25234
56232
93444
32520
85125
89798
8019
69138
35013
53691
86842
20636
87785
34451
25235
14510
42801
30481
59029
9207
41228
14251
87829
96311
16927
43680
64920
77262
28511
33633
25381
65285
97958
35697
38520
3301
68149
7934
71969
85392
17969
94678
92585
49096
41792
25891
28388
41377
22107
93327
40505
27798
10101
26634
95562
32525
28969
83267
39165
89217
4373
31532
25151
41123
48895
71725
83698
52244
92853
67699
9365
59028
95800
72530
42316
9878
62105
52949
57926
94435
33792
50087
7550
32676
55827
47715
47456
99705
4603
85516
61822
32849
44335
16009
54919
46075
69055
17541
88813
55293
14809
88354
62680
7323
67374
85953
16549
94141
31304
97198
99661
29800
85957
26545
76901
53246
97555
40943
52883
75961
36412
71177
31463
76550
70016
42567
52608
99199
12843
34510
1243
68629
57910
22540
18524
89557
99200
16530
83134
42703
30760
32893
71900
93914
57670
66153
63188
41809
87014
35881
6444
68675
95407
61552
79012
85526
64399
6801
58150
74140
31668
25812
99514
36842
9218
60236
65787
88631
55311
43532
4576
81142
39174
44833
88553
71102
37960
90957
95369
83081
29724
69625
20579
4384
76381
5651
17425
30553
19734
18660
36983
55234
21282
29624
18982
92348
38197
71045
52290
40223
68700
88191
82303
89537
15795
37905
43894
81530
22875
29684
39194
98985
86315
32938
38306
24054
96430
92854
27931
78956
73012
83297
30717
58446
84467
62970
18702
97867
66182
48667
12700
98783
78922
46395
58606
347
55447
7466
1755
39024
74931
80561
24601
76018
95457
67421
35991
82506
59101
76319
56346
5863
79
24439
8158
4570
37803
64894
40374
69778
55267
41270
50674
6690
80874
47649
5756
991
13375
20958
40831
62089
76497
82711
95522
84120
39591
16233
88182
47420
63384
21363
28876
54312
47826
44351
70326
99950
12554
83130
32309
34064
54665
21622
42783
27647
37389
79891
65052
62049
60842
4777
16043
1343
23286
56180
16001
35363
60987
42036
78265
41798
50828
96030
5692
25302
33390
80222
2739
73932
29224
21646
5680
93104
71553
74298
66267
80460
5349
49116
72633
68673
86585
21135
26686
63187
28823
22202
93939
79232
32570
4098
32369
52710
52539
8676
66529
60710
86273
23251
4338
65704
13793
60489
99878
96551
67744
4755
52852
43209
19317
97204
60891
65778
38242
73266
31297
12916
74451
54130
77628
43413
2091
17365
41369
22725
31797
17070
37173
29306
90010
38712
97097
5241
71795
75580
12986
34432
46197
50162
29369
35452
20010
5678
8567
85386
43633
70291
93911
76845
18748
54757
90978
49436
54602
56500
46817
96270
52566
72711
1249
64734
85832
70199
34807
10375
89087
341
74753
22966
57527
20151
32660
39749
80580
11513
42832
2981
67195
33402
91271
3618
26948
61808
48258
26203
95338
57495
20223
61905
57539
86363
34774
24779
34386
14446
277
64570
92887
58950
60934
91149
61935
20160
70004
74715
13096
99979
9507
19897
17684
65542
22465
88930
76935
34197
38131
19431
93949
32046
63183
70305
47769
82708
91068
90872
53497
48459
87622
3701
69495
49055
35269
26082
1380
67693
99043
57080
57558
82318
73394
66911
35559
86266
98663
3148
37508
26603
3381
80147
83942
58312
30825
93430
927
92348
56294
78872
16926
63244
38264
47605
72090
19577
51895
99253
17234
60897
37616
39520
54846
65643
35577
92179
94338
724
41965
17267
49065
41233
54314
60123
3883
64687
367
31918
11726
43201
52715
20332
52567
46487
43617
80453
17197
61314
20477
25534
11175
62806
48266
86899
49340
2646
83809
13307
29914
23043
57300
59072
72230
17258
38680
42031
50971
90904
8026
42451
9234
46050
19122
82229
55423
29212
13897
31670
96782
55132
94425
12704
5070
65013
21439
21931
1841
4370
85249
73336
1323
84659
94758
87128
92348
54147
49978
290
25948
97778
55601
80774
2376
8610
34528
83042
57716
24809
41058
253
82523
49141
60085
76152
78099
62817
59278
99257
97990
28362
5980
6964
57897
42476
32071
18233
10365
27164
80722
1369
48811
30416
15579
59552
72113
4444
99087
20462
57814
56978
61316
43543
85632
15157
40307
19540
17075
77766
6674
83107
53454
46932
47072
24476
69264
96838
55201
75332
70009
68703
74721
80218
60271
16808
77600
5343
64145
28628
90166
50659
94295
40809
45780
5616
85710
78252
98710
5584
56373
82910
47685
42113
86327
43800
90262
82032
30035
1037
14260
79813
47371
97572
87383
51093
20476
79727
72773
95136
65163
39763
20721
78270
37062
21156
47171
7836
53636
74775
35706
49423
58076
70994
27381
80972
99282
3988
97849
91902
38200
32052
82379
59071
62159
35644
86678
96285
898
39519
93249
94803
20743
41676
69956
1392
47152
4272
65489
49814
22891
10474
94950
39115
17765
91726
54935
44838
7450
12289
49218
27760
63953
19919
96761
5818
68463
10389
87186
43533
69594
71789
37927
72114
43268
65695
47346
50100
2898
99937
72349
67641
19752
61460
19013
78846
88257
23573
98725
57076
3304
72774
37458
19705
99917
81929
22085
23623
2026
523
7916
97908
84480
7211
56098
3798
34867
82772
20778
54323
73872
26961
56095
40946
86758
86649
4140
83614
61391
95627
84112
26627
88203
54027
90117
61626
54952
76318
18012
5909
98310
96585
50404
5386
77331
63233
91589
38750
27696
31866
90039
65139
29257
87638
87432
16041
50464
388
46578
77484
53997
46997
16418
66683
5046
98721
87456
923
70954
26394
14287
79064
11513
1124
72450
76234
50416
86549
15735
59381
35169
4612
88865
63424
45612
18142
83885
76982
40150
90965
56254
58101
51300
54742
94888
63502
65527
39986
93516
27708
1126
8261
10801
33028
9749
43598
41633
95047
70230
11959
48033
75212
73172
20131
65009
24853
78542
59877
72306
54208
96973
21190
30733
63150
23625
99337
18938
23979
86337
49222
90337
82665
44018
72673
84074
13730
45552
7145
93219
88467
30999
55640
2236
94541
24953
84018
72718
78743
16364
2823
69476
85473
34950
40896
75448
15209
96397
22277
82115
75380
86644
38414
85431
81818
48031
49191
22602
3853
88589
28428
18680
87626
18585
85726
87555
33670
79919
82342
46427
47095
90352
94940
17240
7138
30828
89305
57457
65153
40687
4063
53571
85435
19185
87295
75581
1356
75925
66159
24239
47098
94953
61426
99176
76892
37646
79307
85655
91779
40608
21174
18305
90648
84633
4574
3298
17627
52935
2305
36048
51636
76861
88240
54504
64574
77135
28433
90897
82827
98501
96395
72570
70444
29808
88243
17667
66117
62846
50147
11131
31841
15761
29945
11818
42958
64086
29362
3242
43622
70788
53161
15824
12891
87181
33549
9134
51641
12527
6561
95114
37394
9227
33960
4477
74448
47301
72931
24606
33428
86385
18203
47366
45084
87970
7793
3619
74881
38065
44146
39171
29429
8975
98754
89656
13846
36906
83347
5404
22012
850
5978
32205
24654
16255
93405
36286
76792
46289
83152
87979
79415
73333
4017
65092
48887
88638
67526
75567
52403
84385
65004
21494
75490
6390
82822
63672
24137
13386
68083
65856
94202
81495
71653
48312
40802
16090
2320
75485
99909
55727
59595
97021
33195
6643
84372
31938
26679
78052
69035
93057
98867
99055
16567
30757
20350
74096
48670
71173
41120
45751
68220
34008
43986
31898
41125
46260
1097
24420
49134
9978
44882
40392
25392
28983
36928
29464
20046
65977
28891
17987
65475
47779
5704
97080
26688
7972
90956
3848
11139
22383
80363
34129
84704
67455
68399
12107
26964
10506
80102
90817
96618
92684
34196
53868
95439
76116
21443
7021
88927
7447
44661
80980
48516
68004
87158
98279
73772
34881
5930
30318
85967
19671
73050
47071
67330
8006
72229
99192
80717
37394
48619
81348
19061
44156
49427
86481
83344
77387
92011
28056
98955
34604
52579
56870
20885
58000
58045
33696
53414
47317
81801
40136
85562
58276
98406
49888
31189
1955
44685
61641
83704
34308
38002
68838
27523
224
69761
15056
88631
32946
96402
59930
6597
29974
35592
33749
66275
63579
3969
4026
19632
16854
54215
18224
74214
6589
44528
78711
7546
83922
93449
77415
10975
19693
38740
86180
41766
58269
82359
79545
29539
94420
9899
76889
16502
48591
66320
52275
36388
37265
80021
6973
36815
66754
54015
8726
56825
92638
52278
69351
30083
74014
548
52624
96151
90850
73527
97157
62420
87205
91932
9742
49888
49495
72253
30213
60210
443
42949
56266
40663
50690
13002
78562
68903
64119
85050
72051
49196
81365
27268
65975
79131
54504
84759
17396
35310
57011
47416
42215
65598
16432
41161
60383
54140
28507
18507
79749
44872
48011
12658
38217
90668
67652
1879
52619
65690
18961
8827
74817
15453
82964
40373
78308
49335
65076
51554
5276
92564
38682
93605
88082
93822
57948
34574
88735
63945
56574
76000
68913
87334
89506
28023
46329
33426
13202
2005
30872
57313
15019
44197
13383
50333
12174
45737
56886
48000
87581
18258
26364
35028
56601
36859
48097
23945
81844
55364
66267
72081
57271
39896
25213
56597
13228
43733
80691
54766
69455
2757
24375
89298
7970
271
94586
18974
33480
45023
37565
76476
1086
52177
80623
46539
26551
32724
74811
39354
30598
97045
18893
32951
32700
75454
63627
56448
44114
76403
28627
67908
10097
25241
13329
12923
82922
22201
65934
81060
66555
39394
71129
44027
53271
91228
25332
66240
12527
17309
74277
98920
58095
65395
97621
67157
4743
48797
36402
89660
70879
2566
92628
77862
67957
5053
64809
52513
52670
46522
16757
97271
27146
3859
309
75033
93268
72442
99850
25166
45227
11060
36334
42389
63988
80590
31569
12449
20816
30278
62036
80253
85866
54584
59666
39191
29547
14263
35741
72086
10425
93331
90398
44111
71625
45711
61134
14540
20224
7447
42944
37987
15494
4618
96631
8457
58480
96619
19254
57062
91404
25262
97553
60698
31902
44504
57341
64498
22452
10888
24146
40906
74459
13325
13441
47700
25063
67702
52146
31989
96037
14964
91246
39288
7422
85822
93877
27798
39191
50134
3636
76720
73834
69231
52032
52525
2808
23737
1777
24740
95444
92310
7881
96701
69326
31625
22693
38194
36645
38118
10827
45838
81919
80281
32879
56073
93099
30223
67643
13742
19881
36093
32299
38643
92410
11814
91461
89308
79595
23253
36094
62684
16949
11210
72197
4527
99961
18496
3782
15063
14817
57354
60336
72983
88944
54764
85684
29295
26644
34800
40317
69083
33942
6427
4726
57751
36315
34159
20898
94845
43848
90847
91527
39033
65236
72596
45046
58296
35157
27740
49172
86191
64988
19735
70319
26512
90620
53303
89316
48218
79641
77386
73733
46002
65025
39098
48882
85284
61336
61947
92361
31587
29747
94272
53958
23886
58775
8079
75727
669
35591
46746
62989
4244
36079
53761
67877
94712
56991
9465
57458
59144
9107
12999
40205
42022
9490
3112
20758
5151
65366
54247
9111
99764
33030
98325
59304
23728
41843
74494
62726
69808
47797
90310
58625
31040
11014
42214
67266
26691
39594
89204
10057
89703
60599
54899
82242
46320
98684
83801
49966
30113
5017
60927
79807
60548
3546
17845
68808
10273
29526
70730
99420
23679
58718
44074
12369
24901
40530
48462
44391
39166
69763
81117
9179
30159
76311
11616
86521
22452
37053
93745
75740
96405
75566
65799
55908
44792
86024
24796
88409
41136
90063
53376
41952
4707
81021
19539
35342
21733
66372
84468
29536
33058
75876
79835
67027
58710
52494
84831
48398
33799
77537
84985
60506
31355
24198
64156
33442
54615
78449
73583
78777
12992
81956
27815
69844
79250
37492
67895
59837
48558
72409
35619
86935
81927
54864
45876
77784
61348
80632
89519
14192
16536
83410
52732
45139
82557
32670
12293
17373
2758
96572
33500
11116
84259
10047
50779
92768
60934
19383
76886
77761
81613
69151
90403
56756
69390
59666
21155
44965
91265
48664
15656
98699
839
2545
29278
23055
59549
90836
30142
61989
31497
19629
52109
40203
57039
7631
42082
93862
56140
1543
69039
14563
50588
89441
98195
72366
78805
20031
12124
59112
66561
48619
8520
89405
23298
75881
58527
76738
25117
99623
69687
33148
71403
97667
55152
63678
9423
13967
49650
26620
53319
35005
68801
51892
59293
34892
53641
61291
44830
93443
19702
91972
67226
85887
86799
21771
77779
14278
54403
62564
27272
31386
5819
60990
15195
23785
30785
58808
50885
57840
68648
15182
53889
89101
41257
51839
95654
89602
7905
47278
73532
23314
60126
75237
36238
87708
49104
89459
99021
25065
99782
57503
11212
99755
41634
98865
8927
40439
86653
11978
2547
34050
79601
81888
94305
47614
63372
69102
51171
81714
38155
27699
6431
26201
7227
94188
56504
5221
37034
6666
10983
82150
60390
20945
67409
74970
49196
39212
57547
42916
42433
70916
70126
37042
86855
17434
51057
24482
37305
94815
29509
43909
71572
19718
77867
72373
69838
49985
2456
88995
89879
62734
92300
58830
68706
95639
19866
91899
10933
8742
72745
69305
22672
94628
4795
35927
21452
74444
43674
87681
43138
25301
51105
8912
35898
40917
44123
93468
4313
85954
56693
66434
91878
40315
69071
70933
33514
75574
95762
28944
88971
60145
38418
75637
98385
55699
24669
45565
39978
81931
40329
15515
31937
45464
77460
72036
98034
77510
82721
2864
2481
60613
3792
353
49068
78798
6643
96630
49089
39571
30246
97562
41408
83645
71295
66148
23495
94143
23294
79817
20240
46844
54999
73758
7276
87874
71120
56151
43645
2108
17803
84401
57602
45647
36430
64736
49128
98863
72700
97052
74469
46758
48655
73825
31643
71076
65899
30252
2172
11527
25462
93645
66543
71331
19245
30591
35480
55368
55045
4088
42125
41095
39937
27006
13787
43185
71002
29689
67086
41088
89413
31544
45976
33467
41824
4684
44605
29012
79533
92425
7689
48770
54576
86914
90646
8249
84853
14534
89405
55255
59573
49540
65531
98813
81920
10650
64988
24317
83705
4970
36440
59272
86079
30727
85235
5117
28293
94474
18960
60609
81755
90382
56488
38557
66341
20200
84788
44568
62548
79572
84075
96638
6724
32074
57823
74329
5795
18551
75658
63842
20096
71359
65783
39149
55923
98823
95131
80460
29047
76028
60915
63061
94795
77577
93389
38165
47953
35443
1480
30809
28534
88310
98437
96143
11015
79678
62489
68744
65878
93680
45898
38886
76695
30762
226
64781
19668
41081
71868
39855
55836
52639
98495
31025
31052
40957
94056
2441
39370
31950
4001
60491
36696
97164
10648
14719
847
83330
98903
29938
79233
21027
67537
47276
23145
23076
65190
74768
57624
83344
21222
13307
69292
76766
87910
73241
80286
74883
57293
21294
81410
31047
84336
38712
37212
25557
33488
46110
88934
91636
9017
67234
74181
87971
86400
87152
87720
8666
89556
52957
31606
3097
29808
53194
95373
65975
32978
40882
28309
71566
7295
19864
35947
24117
15606
63589
69096
83256
63868
20188
50568
6323
21342
71374
6584
18749
51783
87166
77652
6479
28027
56909
46046
85276
81406
22646
13010
72209
51483
39458
71913
18571
77108
61043
67708
95045
85728
89144
68906
29556
96896
56864
86918
65953
49674
86049
82424
49049
60319
27025
63804
34654
79550
85890
49274
36613
15270
63399
74598
47068
46933
81470
73067
33658
54287
69853
2
96694
12100
8942
92443
41903
42966
33560
2920
252
97047
49846
38076
15323
30713
36084
7519
1079
82681
12922
62373
33739
84329
5441
299
26736
98515
73267
2841
76657
1870
91746
57545
36983
57537
30218
44821
71302
42626
1881
30724
8578
3880
42028
26619
72802
67250
70027
46504
13237
20841
38787
87047
26266
97559
7286
84823
49984
73310
19684
84188
90123
7047
96990
89269
63843
17574
21121
56644
85922
8739
49171
61765
51774
33077
14012
2326
17953
93418
13477
73062
5002
10724
71463
78110
35032
78170
18850
93174
32596
67881
58100
70892
49886
44426
12668
28183
20722
48365
51156
89371
41694
65518
96514
61211
11408
90140
36604
52449
74405
19036
40694
10841
54583
12038
76632
47119
49878
68519
62598
64869
15275
43517
70376
84421
56457
7005
2531
38541
24781
78882
40454
87571
10218
86658
65801
97942
58361
78813
49716
79730
91711
49608
96988
80825
13561
94871
63350
29322
15219
1678
28035
82051
18025
18644
95201
58517
46868
83062
67920
11031
59944
15388
34410
79759
77159
92945
80977
69411
68929
85892
12552
7645
3694
66630
28748
13228
59136
26212
23988
98273
96785
48025
29953
1546
85171
85204
9646
11315
56007
74662
17179
87714
35844
93700
71653
23678
96247
52983
72901
92072
80537
36793
73418
89699
65849
31107
40069
67666
35815
50880
52682
78296
17571
64699
69131
76693
49175
50433
19149
25683
91046
56529
64240
47634
58479
79308
17350
69158
94123
61063
14718
39491
44764
65452
91689
87018
95281
3163
14952
50558
59560
13266
90168
89622
20902
24037
78387
66233
58467
29530
77935
72112
61491
18726
69615
65663
22167
4623
93508
70787
33660
32009
32260
66098
5548
28976
66736
45300
71788
7646
14031
17397
88186
50367
112
59831
24026
29839
7460
85231
50809
80721
40385
79980
43568
70580
91614
33912
19392
42924
50360
70806
75838
94867
11338
85797
19333
26279
95193
66881
76495
95397
19854
44693
86622
95002
63523
8179
4119
34555
97403
19812
10890
83015
34877
46492
80788
40360
85509
71650
84719
85180
18991
78786
61315
97621
32763
30898
73356
33237
42958
59736
15011
75624
62043
9956
45239
81277
43273
4833
68861
88427
24658
40275
45346
62301
42450
19158
40649
47697
76594
8754
43189
3496
24136
39628
6315
58901
31608
42975
68018
72958
88352
33562
41464
82931
93789
23321
48827
42382
16404
42417
35168
34988
15924
81601
69770
85125
28944
86929
52791
26208
44697
39014
72611
450
4484
30008
29714
47923
18471
79319
49323
73707
30530
98269
65344
58622
16488
82369
4227
27779
83341
9744
59016
64355
94593
57064
86677
9074
82696
30997
74799
8472
27901
1479
73726
92503
84199
70902
2952
90518
17595
47822
17975
15932
57981
5964
85065
96420
98179
60441
75217
37329
69673
68373
12698
49965
51710
81342
97208
39626
98817
28647
21849
17629
16143
58541
51343
69247
24792
41720
19864
74564
46503
80972
45423
77407
32028
49372
88212
9775
49634
95515
62568
58934
82791
93388
40621
61130
75582
28319
80756
92331
95870
63054
3269
40037
86536
75828
54998
10571
85102
41557
17686
51362
34872
73380
63263
61983
78148
57380
11189
60594
41413
4154
72021
89158
81939
29820
88213
13115
7772
88062
98285
19003
19256
77837
6104
45846
82712
68833
50026
69919
75245
49647
87208
52573
57984
37639
25518
52674
54184
30232
60227
26277
98904
49970
78137
13542
19297
58744
31869
2059
22708
91752
58105
79610
66932
8158
22080
29026
57201
77267
37395
70511
66546
69832
4862
41899
21789
19536
85563
20531
21016
91060
5687
18643
29867
52851
78513
53720
37714
49940
48172
76159
98361
98556
36629
15377
31269
42710
17432
98059
34068
70529
82880
5892
49392
30604
21021
9594
57233
62874
99579
98454
80379
61788
94212
15498
60103
31717
20063
40386
42293
2162
6197
40245
2030
32703
26187
24012
35661
88985
22469
60682
83089
99578
11221
93330
27844
83939
76877
93167
91196
58058
63039
34896
54240
8879
94166
57927
19002
45072
14799
4680
20286
3853
13251
3615
13434
87282
66200
39511
45362
52833
83845
35413
47786
82461
58668
85893
43374
42278
55931
84683
47772
91468
48944
50663
15649
30045
68480
10849
71432
34208
47741
77463
28661
6963
97511
72845
47205
91384
13440
25829
28339
65141
27653
3368
76500
14597
2130
85893
47119
72557
61904
85209
22024
34777
91057
82166
64361
71502
85768
54292
46990
17458
53666
93657
71290
83940
74877
56039
91610
81990
14953
1569
87870
32269
55732
36023
49397
25167
59777
47828
51099
30399
60592
41343
18567
1231
55408
80742
15013
36106
47874
9021
99070
47645
37385
51850
27488
96726
18607
95323
66303
36647
78349
34285
29311
71833
49237
38100
18065
86070
60721
20713
23399
68819
12508
2832
65998
69946
26754
61915
8183
96914
52264
51216
31543
23776
16999
48570
14798
31541
87537
35602
53465
58742
91271
92935
88932
81668
55121
74402
68893
86102
19884
97535
18890
66545
82868
65702
45101
24565
91565
73649
38749
39888
16462
26706
39521
49119
7170
21109
19847
99038
17943
46469
25331
39002
63135
6056
61738
22088
50368
49677
78500
280
84283
18214
75538
75828
49799
30753
82827
77820
74097
15733
34946
47922
18624
13765
44104
85971
58544
76594
76110
18970
46201
7736
8160
12477
4832
3754
40878
52171
13702
96034
1123
22198
85825
88782
783
71903
7990
49058
17067
58021
80659
96145
84121
32824
59144
17198
75154
16817
75885
18936
97751
29964
66188
61602
20672
30729
96341
1356
73178
13887
89070
79600
21714
72914
24830
22148
84936
16086
39460
19817
64834
32662
12113
41456
90764
62146
81773
23119
6375
9108
48681
62117
1380
17096
81237
13256
15388
4203
76596
44244
20404
34118
56083
99153
32331
7771
661
60767
20807
92712
59682
48987
71284
51123
75690
73748
49621
95116
19441
26397
11658
22747
56194
8393
69377
56796
35197
73303
50355
36171
99955
6009
91422
74557
91208
49312
91376
51496
56409
52911
42787
68647
90538
37648
22062
14219
81719
98358
54194
97881
60757
12191
8096
91377
61741
45923
61985
21183
65112
64653
76171
60611
59600
20185
17322
54924
92463
65921
50853
68121
8929
25730
72215
1845
69080
85670
84631
19319
55399
89127
30439
14397
97334
99013
77364
28835
53492
56871
63638
87859
2535
80744
32301
58321
26095
77914
5863
61213
36078
76018
96368
68426
50670
88073
17061
71304
84262
46395
84607
94524
66829
10681
16089
96854
19489
1336
89707
62386
10456
87452
41100
51982
38263
97741
10912
21822
1480
51880
89061
71394
63933
21303
45469
91257
64262
46991
11425
87143
43313
53726
38080
37704
55575
33467
92967
81613
34930
78753
4903
18099
46189
60659
18537
86903
36601
25247
4386
17222
20236
28141
17298
24840
45300
89707
20540
65067
14657
9941
66518
28565
65980
4095
36796
76674
39362
99101
8018
83691
50141
63247
69111
38016
16223
56789
50826
91611
50280
54711
85504
20120
38372
3816
19579
1852
3212
48886
91094
68045
43637
59258
99532
53857
94231
91105
61150
3843
26485
36592
82619
97918
43621
45159
91639
94026
462
41152
37094
13668
20842
29486
16612
72704
86775
7371
7997
9355
76383
67356
66608
95891
48309
6205
97440
34888
37125
55243
59069
25711
62312
44647
91704
54293
50500
8469
16174
22413
96757
39334
56152
10051
25483
14232
62958
57616
21709
36235
49039
78978
69228
12007
2560
44135
33373
21721
14547
93115
52037
82839
49339
16786
68173
47167
74050
29996
28544
80019
88392
95004
64487
86602
47929
90572
70493
81666
87061
2712
7319
9763
76003
91221
32870
28703
17094
20228
35873
90814
14604
37236
16275
18315
82905
83929
61169
75602
45659
98518
80906
25373
95530
60516
68965
97158
2201
51171
3432
56976
24189
37325
87705
88095
71058
33237
34487
81753
85646
89344
16202
46701
52825
80105
67858
81475
40743
16075
92710
69454
57759
61225
1789
65661
17181
43240
50386
44986
68044
90475
7966
91653
71924
76939
72348
70381
81098
49185
33378
78287
18654
42176
16942
16261
98305
30366
48207
35667
83462
71823
82074
36805
82104
37896
49762
60822
97150
83739
33027
53950
2117
11777
94071
49420
79388
10679
127
298
53946
38056
97858
52729
13694
48902
18203
1936
7928
28591
20786
41474
30785
26597
27967
17500
14586
42293
18279
90238
78675
98778
27050
11463
77789
27812
97941
89419
64029
41200
48672
76010
13281
42564
74656
96036
91226
68582
1189
16892
18086
46375
91260
35640
64281
51338
49159
20312
81686
82532
89749
34364
35689
18962
43044
18561
29858
11262
411
47436
60933
15183
1307
17339
89882
65169
37238
27585
90638
1006
82495
33438
95086
94766
36347
23977
23861
13574
30100
4405
50015
93211
48950
80039
78646
90654
55269
92111
5940
39607
81604
54539
78187
50289
13617
83500
33449
46969
7191
44019
92769
53722
60127
92446
39929
98569
17694
32741
11591
61243
77378
64424
55719
68494
28241
52810
97868
73615
96975
40352
92793
97125
76759
70018
40451
82760
95101
41806
17597
27482
79087
45134
88593
4709
12856
55145
25406
46802
52127
76744
41323
78081
73673
75155
66611
49404
96851
50955
841
58259
92012
48885
38459
72035
87984
27035
59082
12371
8219
31780
1350
32543
23425
87004
70571
19556
96146
68015
10933
61954
66394
8993
91175
48590
33246
59758
24420
47706
3820
34367
37978
15098
45890
56521
16901
35931
82228
84315
83687
96142
89221
22851
89390
28108
88090
26324
16110
45671
995
32084
26935
98945
62369
96190
5525
88762
96608
26798
21881
47988
12313
89054
39929
48488
13173
81890
42684
20395
8913
4043
90176
82421
24434
40934
60876
6324
57675
57559
29109
37636
11476
96527
78641
27346
27174
33372
14494
98767
73546
32976
74542
71020
76096
4208
49712
36989
78229
49857
16301
23955
64995
4526
98837
76132
41732
49582
24135
12673
60991
10056
66596
62340
71673
14301
21228
22192
52693
12412
89877
90448
74743
34336
98648
14728
9119
18416
9633
65862
62498
78117
96520
49301
39240
69602
18550
41513
91056
94558
15542
66760
25625
42420
23256
33909
93174
1717
85281
41131
30801
59419
59173
52403
64317
51979
98683
60844
44780
91426
69193
32639
78905
85121
94027
17699
97121
32433
2208
71138
95785
30944
78635
16253
88441
63998
25472
42590
9784
74657
32255
4381
5104
78203
99940
28515
14873
4125
82453
24521
24732
60744
59815
19638
59523
19170
59215
15644
75603
36708
42036
20621
75028
23418
761
40757
53641
75461
30700
63636
85231
88644
79754
69625
89305
77106
63857
16322
93508
52288
40072
2350
49845
18194
36007
48080
27550
39829
44618
77150
20393
78492
34289
40652
16293
96000
9785
5892
74518
55493
66424
42104
58215
7025
98499
12294
2563
53004
51715
84672
72921
8701
84610
65782
91770
40415
6521
8433
81073
68992
69255
21310
83502
27243
53503
53759
28226
12838
34901
66550
6396
4901
9741
38496
49918
19391
31404
42283
57979
26394
32214
25436
33672
72185
26295
25358
90309
81027
74491
30021
31022
96200
16846
47965
48983
54488
87463
71811
63817
11848
81658
95706
25187
65650
83972
82618
91338
2115
20654
74567
75192
24052
49022
59328
10751
48055
89425
99074
78604
83964
99499
74799
67681
59759
86618
11884
33944
79160
87050
12328
80295
73942
70654
95088
39213
44736
97460
63387
32551
74172
37451
15846
63144
46741
37598
14791
9159
46178
50884
4714
25019
94819
30280
41228
58011
11245
60979
77882
64004
43620
24833
92660
67674
48738
5465
44838
9668
